6/18 阪神
R1
4  0.992172
7  0.895183
10  0.367641

R2                 
1  0.643373
5  0.631637
3  0.628745

R3                
2  0.912027
1  0.904345
5  0.903221

R4                
6  0.840314
5  0.524449
3  0.411844

R5           
1  0.480348
2  0.462331
4  0.281380

R6                  
1  0.854678
3  0.852961
4  0.832416

R7                   
8  0.908428
7  0.620909
1  0.540049

R8            
5  0.953745
3  0.847554
13  0.837450

R9          
7  0.937464
1  0.897231
6  0.847537

R10                 
7  0.510200
10  0.415872
1  0.410082

R11               
10  0.953508
2  0.793520
1  0.714646

R12                    
2  0.990390
13  0.988228
4  0.821416