              枠番  馬番      pred
　race_id                       
202209030401   1   1  0.879911
202209030401   6  12  0.686237
202209030401   8  16  0.652503
202209030401   3   5  0.612470
202209030401   8  15  0.611053
202209030401   3   6  0.289876
202209030401   1   2  0.247397
202209030401   5   9  0.130256
202209030401   4   8  0.001339
202209030401   2   4  0.001293
202209030401   6  11  0.000380
202209030401   2   3  0.000359
202209030401   7  14  0.000293
202209030401   5  10  0.000281
202209030401   7  13  0.000257
202209030401   4   7  0.000222
              枠番  馬番      pred
race_id                       
202209030402   1   1  0.739412
202209030402   3   6  0.642389
202209030402   6  12  0.404903
202209030402   8  15  0.244427
202209030402   5   9  0.215125
202209030402   5  10  0.012074
202209030402   7  14  0.005322
202209030402   7  13  0.003348
202209030402   4   8  0.000554
202209030402   2   4  0.000512
202209030402   1   2  0.000420
202209030402   6  11  0.000396
202209030402   4   7  0.000357
202209030402   2   3  0.000351
202209030402   3   5  0.000270
202209030402   8  16  0.000139
              枠番  馬番      pred
race_id                       
202209030403   4   7  0.730225
202209030403   5  10  0.730118
202209030403   5   9  0.684571
202209030403   2   3  0.663914
202209030403   2   4  0.663160
202209030403   7  14  0.561588
202209030403   6  11  0.557340
202209030403   6  12  0.545456
202209030403   7  13  0.516663
202209030403   3   5  0.054019
202209030403   3   6  0.002072
202209030403   1   2  0.000642
202209030403   8  16  0.000381
202209030403   1   1  0.000328
202209030403   4   8  0.000255
202209030403   8  15  0.000182
              枠番  馬番      pred
race_id                       
202209030404   4   7  0.782641
202209030404   3   5  0.774205
202209030404   7  14  0.765223
202209030404   7  15  0.760633
202209030404   1   2  0.729025
202209030404   3   6  0.708966
202209030404   1   1  0.617201
202209030404   6  12  0.553556
202209030404   4   8  0.102910
202209030404   8  17  0.084802
202209030404   2   3  0.028173
202209030404   6  11  0.008423
202209030404   5  10  0.002751
202209030404   2   4  0.000556
202209030404   7  13  0.000426
202209030404   5   9  0.000333
202209030404   8  16  0.000210
202209030404   8  18  0.000112
              枠番  馬番      pred
race_id                       
202209030405   4   4  0.829737
202209030405   1   1  0.829064
202209030405   3   3  0.826954
202209030405   8  11  0.814143
202209030405   7   9  0.811184
202209030405   7  10  0.810023
202209030405   5   5  0.783515
202209030405   6   7  0.772346
202209030405   2   2  0.755428
202209030405   6   8  0.734315
202209030405   5   6  0.731429
202209030405   8  12  0.702469
              枠番  馬番      pred
race_id                       
202209030406   1   1  0.875189
202209030406   5  10  0.781039
202209030406   4   8  0.487972
202209030406   3   5  0.424059
202209030406   6  11  0.282630
202209030406   6  12  0.261883
202209030406   3   6  0.249137
202209030406   2   4  0.239826
202209030406   1   2  0.210576
202209030406   7  13  0.202537
202209030406   2   3  0.199720
202209030406   5   9  0.077448
202209030406   8  16  0.023802
202209030406   8  15  0.000191
202209030406   4   7  0.000170
202209030406   7  14  0.000128
              枠番  馬番      pred
race_id                       
202209030407   7  11  0.954921
202209030407   4   6  0.743322
202209030407   2   2  0.702506
202209030407   6  10  0.611374
202209030407   8  13  0.566915
202209030407   4   5  0.555646
202209030407   1   1  0.435991
202209030407   5   8  0.168096
202209030407   8  14  0.142596
202209030407   3   4  0.071018
202209030407   3   3  0.059807
202209030407   7  12  0.037029
202209030407   5   7  0.008087
202209030407   6   9  0.001007
              枠番  馬番      pred
race_id                       
202209030408   6   6  0.977984
202209030408   8  10  0.894068
202209030408   4   4  0.768237
202209030408   8  11  0.697566
202209030408   3   3  0.594457
202209030408   7   8  0.455357
202209030408   1   1  0.266990
202209030408   7   9  0.239744
202209030408   2   2  0.015958
202209030408   6   7  0.002099
202209030408   5   5  0.000175
              枠番  馬番      pred
race_id                       
202209030409   3   6  0.595381
202209030409   1   1  0.589760
202209030409   2   4  0.524905
202209030409   4   7  0.328520
202209030409   5   9  0.327536
202209030409   6  12  0.210364
202209030409   8  17  0.203986
202209030409   2   3  0.171715
202209030409   7  13  0.120001
202209030409   4   8  0.117721
202209030409   6  11  0.097435
202209030409   3   5  0.089760
202209030409   8  16  0.069413
202209030409   1   2  0.054322
202209030409   5  10  0.029199
202209030409   8  15  0.000042
202209030409   7  14  0.000041
              枠番  馬番      pred
race_id                       
202209030410   7  14  0.986344
202209030410   8  16  0.935658
202209030410   5  10  0.635023
202209030410   3   6  0.621399
202209030410   4   8  0.481186
202209030410   1   2  0.465898
202209030410   4   7  0.385871
202209030410   7  13  0.373349
202209030410   6  12  0.327950
202209030410   6  11  0.322205
202209030410   8  15  0.295013
202209030410   5   9  0.256478
202209030410   3   5  0.188664
202209030410   2   4  0.167345
202209030410   2   3  0.085444
202209030410   1   1  0.084879
              枠番  馬番      pred
race_id                       
202209030411   4   7  0.982804
202209030411   7  15  0.964567
202209030411   3   6  0.959470
202209030411   8  18  0.927258
202209030411   5  10  0.635043
202209030411   7  13  0.609237
202209030411   3   5  0.496144
202209030411   1   2  0.363731
202209030411   8  16  0.315545
202209030411   6  12  0.279361
202209030411   6  11  0.201336
202209030411   2   3  0.190272
202209030411   4   8  0.121874
202209030411   8  17  0.074430
202209030411   5   9  0.033764
202209030411   7  14  0.029279
202209030411   1   1  0.000107
202209030411   2   4  0.000052
              枠番  馬番      pred
race_id                       
202209030412   1   1  0.730932
202209030412   5   9  0.692979
202209030412   7  13  0.560920
202209030412   2   3  0.551104
202209030412   5  10  0.436369
202209030412   2   4  0.301217
202209030412   6  11  0.298500
202209030412   7  14  0.238756
202209030412   8  15  0.160107
202209030412   3   5  0.149360
202209030412   3   6  0.146131
202209030412   4   7  0.092295
202209030412   1   2  0.082861
202209030412   4   8  0.058686
202209030412   8  16  0.033798
202209030412   6  12  0.000232
